212,217.41,203.71,22.321,54.443,25.323
221,603.25,206.62,26.654,65.011,30.832
221,619.75,223,20.5,50,6.0562
231,582.44,206.62,26.654,65.011,9.725
242,556.14,202.02,31.657,77.213,5.9494
251,551.22,206.62,26.654,65.011,24.739
255,605.89,207.16,34.526,84.211,28.152
257,605.89,207.16,34.526,84.211,21.108
257,546.91,203.61,24.397,59.504,11.111
258,605.89,207.16,34.526,84.211,13.971
259,605.89,207.16,34.526,84.211,13.311
260,549.03,202.25,29.012,70.761,9.9134
261,551.67,203.61,24.397,59.504,1.7235
262,549.03,202.25,29.012,70.761,40.634
264,549.95,202.02,31.657,77.213,20.693
266,549.95,202.02,31.657,77.213,32.68
267,549.95,195.86,31.657,77.213,15.416
269,556.14,202.02,31.657,77.213,7.3418
271,552,193.68,34.526,84.211,29.638
271,6.3158,200.42,34.526,84.211,24.843
276,565.47,193.68,34.526,84.211,10.475
278,568.5,195.86,31.657,77.213,32.625
287,605.89,193.68,34.526,84.211,84.514
288,599.5,190,41,100,47.375
350,494.84,-2.5859,52.951,129.15,12.592
353,504.84,-1.6842,34.526,84.211,16.58
361,531.79,-1.6842,34.526,84.211,16.377
362,537.58,-1.5422,31.657,77.213,3.1289
400,605.89,200.42,34.526,84.211,0.34132
434,143.4,133.99,22.321,54.443,12.484
464,617.96,216.78,22.321,54.443,7.0385
465,604.01,-1.1907,24.397,59.504,4.8476
472,611.33,207.91,29.012,70.761,22.722
487,263.75,91,20.5,50,10.454
495,279.75,95,20.5,50,5.1388
503,295.75,87,20.5,50,22.096
503,307.75,87,20.5,50,9.9037
503,321.9,86.06,22.321,54.443,3.0359
511,323.75,87,20.5,50,22.228
611,67.75,191,20.5,50,15.401
612,60.68,186.28,22.321,54.443,5.3485
711,442.23,208.37,24.397,59.504,0.56736
714,397.05,72.421,34.526,84.211,13.186
717,401.55,72.482,31.657,77.213,20.475
718,401.55,72.482,31.657,77.213,33.94
720,403.79,65.684,34.526,84.211,16.163
721,407.73,66.313,31.657,77.213,34.46
722,407.73,66.313,31.657,77.213,22.331
725,619.75,195,20.5,50,5.3432
732,413.91,72.482,31.657,77.213,13.232
747,488.12,53.976,31.657,77.213,15.331
754,617.96,181.92,22.321,54.443,41.197
755,494.3,47.807,31.657,77.213,18.145
756,494.3,47.807,31.657,77.213,27.606
756,453.03,49.371,37.486,91.429,27.385
757,494.3,47.807,31.657,77.213,20.247
758,524.29,17.067,116.91,285.14,6.988
759,453.03,49.371,37.486,91.429,21.257
760,417.26,52.211,34.526,84.211,37.928
760,460.34,49.371,37.486,91.429,12.526
760,487.5,46,41,100,3.5253
773,420.1,47.807,31.657,77.213,10.562
793,6.3158,200.42,34.526,84.211,7.5772
808,55.75,207,20.5,50,0.46088
813,435.75,-1,20.5,50,4.5564
840,167.75,207,20.5,50,5.444
862,595.62,181.61,44.897,109.5,18.803
876,88.13,206.62,26.654,65.011,21.82
891,73.684,200.42,34.526,84.211,44.829
898,7.5,206,41,100,16.607
899,6.8571,210.29,37.486,91.429,20.364
900,6.8571,210.29,37.486,91.429,39.637
901,112.93,203.71,22.321,54.443,34.114
903,91.75,207,20.5,50,15.843
904,595.62,146.6,44.897,109.5,12.924
908,75.836,203.61,24.397,59.504,7.4972
910,66.32,203.61,24.397,59.504,31.994
920,18.164,208.19,31.657,77.213,22.046
921,13.053,207.16,34.526,84.211,14.612
923,-0.5,190,41,100,45.128
928,28.253,222.66,24.397,59.504,12.827
929,20.488,222.21,26.654,65.011,13.998
930,25.691,-1.2995,26.654,65.011,8.7756
933,-0.38647,214.36,31.657,77.213,19.129
940,75.75,215,20.5,50,30.247
941,69.388,212.43,22.321,54.443,30.18
942,66.32,208.37,24.397,59.504,20.488
944,67.75,215,20.5,50,5.6621
954,430.74,25.263,34.526,84.211,31.955
955,430.74,25.263,34.526,84.211,17.3
956,185.12,177.35,31.657,77.213,15.552
958,47.75,239,20.5,50,9.4102
972,167.77,181.03,37.486,91.429,13.087
976,168,186.95,34.526,84.211,38.876
978,167.77,181.03,37.486,91.429,25.237
981,168,186.95,34.526,84.211,11.446
982,167.77,181.03,37.486,91.429,12.765
983,167.77,181.03,37.486,91.429,12.169
984,167.77,181.03,37.486,91.429,40.788
984,599.5,166,41,100,10.18
986,413.33,11.983,22.321,54.443,17.447
986,168,173.47,34.526,84.211,12.919
987,167.77,173.71,37.486,91.429,22.95
990,167.5,166,41,100,20.882
998,166.03,172.85,44.897,109.5,13.572
1007,209.86,172.85,44.897,109.5,23.753
1009,209.86,181.61,44.897,109.5,1.5581
1022,575.46,236.95,24.397,59.504,4.2975
1025,613.66,237.81,26.654,65.011,27.662
1063,55.266,177.35,31.657,77.213,37.235
1073,570.06,42.057,37.486,91.429,7.7425
1075,4.878,206.62,26.654,65.011,18.818
1075,18.164,189.69,31.657,77.213,10.347
1075,559,28,82,200,9.3676
1076,9.2193,213.13,24.397,59.504,12.339
1078,24.348,183.52,31.657,77.213,11.88
1084,43.75,223,20.5,50,54.891
1085,47.75,223,20.5,50,32.717
1086,51.75,219,20.5,50,21.994
1087,55.75,219,20.5,50,4.3644
1093,481.31,-5.2245,107.34,261.81,17.5
1093,65.778,149.33,48.593,118.52,13.143
1095,488.51,-6.7368,138.93,338.85,22.426
1096,595.62,41.573,44.897,109.5,26.136
1096,469.57,-1.5422,31.657,77.213,21.635
1096,501.43,-5.6889,116.91,285.14,6.7591
1097,524.29,-5.6889,116.91,285.14,31.049
1097,478.64,-1.0894,22.321,54.443,5.802
1098,524.29,-5.6889,116.91,285.14,20.893
1099,613.66,35.086,26.654,65.011,50.869
1101,555.43,-1.8286,37.486,91.429,50.66
1102,567.1,-2.5859,52.951,129.15,39.502
1102,531.75,47,20.5,50,1.2605
1103,473.48,-2.3704,48.593,118.52,27.814
1103,595.62,24.068,44.897,109.5,21.847
1103,557.01,-1.0894,22.321,54.443,7.2521
1104,487.5,-2,41,100,38.914
1104,565.95,-1.1907,24.397,59.504,14.749
1104,593.24,4.6265,31.657,77.213,13.235
1106,599.26,-1.1907,24.397,59.504,53.17
1107,613.61,-1.0894,22.321,54.443,23.651
1107,583.5,-2,41,100,4.8675
1112,156.46,221.14,22.321,54.443,18.11
1112,559,-4,82,200,11.55
1113,151.75,231,20.5,50,14.005
1114,159.75,231,20.5,50,32.711
1115,161.49,222.66,24.397,59.504,33.263
1116,599.42,-1.5422,31.657,77.213,28.787
1117,169.52,221.14,22.321,54.443,17.375
1117,599.5,102,41,100,13.268
1118,171.38,217.02,26.654,65.011,33.471
1125,181.47,200.42,34.526,84.211,9.1851
1131,203.67,214.36,31.657,77.213,13.187
1133,203.67,214.36,31.657,77.213,17.271
1137,222.22,220.53,31.657,77.213,12.38
1143,246.96,214.36,31.657,77.213,11.756
1144,118.66,203.61,24.397,59.504,10.283
1146,248.84,213.89,34.526,84.211,34.894
1147,247.5,214,41,100,28.486
1148,259.32,220.53,31.657,77.213,25.18
1149,245.38,206.65,63.145,154.01,19.373
1150,245.38,206.65,63.145,154.01,21.981
1151,265.51,220.53,31.657,77.213,24.727
1152,269.05,220.63,34.526,84.211,13.202
1153,270.17,217.6,37.486,91.429,6.4379
1157,284.06,220.53,31.657,77.213,9.9201
1161,302.61,220.53,31.657,77.213,4.5729
1163,306.74,217.6,37.486,91.429,22.741
1164,306.74,217.6,37.486,91.429,20.368
1165,314.98,220.53,31.657,77.213,8.9509
1166,322.95,220.63,34.526,84.211,20.88
1168,329.68,220.63,34.526,84.211,15.251
1169,336.42,220.63,34.526,84.211,17.078
1170,332.6,190.36,44.897,109.5,14.02
1170,617.96,256,22.321,54.443,8.806
1171,345.89,220.53,31.657,77.213,42.246
1172,349.89,220.63,34.526,84.211,22.262
1174,358.26,220.53,31.657,77.213,22.022
1175,356.63,220.63,34.526,84.211,41.002
1178,375.5,206,41,100,3.2171
1179,389.18,226.7,31.657,77.213,33.296
1182,401.55,226.7,31.657,77.213,17.07
1185,417.26,227.37,34.526,84.211,12.64
1187,431.09,224.91,37.486,91.429,3.5321
1190,445.71,217.6,37.486,91.429,14.086
1191,447.5,222,41,100,7.5224
1192,460.34,224.91,37.486,91.429,11.54
1193,463.5,222,41,100,2.6255
1198,495.5,230,41,100,34.171
1200,511.5,230,41,100,10.975
1201,619.75,243,20.5,50,61.772
1206,231.86,185.28,29.012,70.761,7.133
1208,611.33,270.14,29.012,70.761,36.237
1209,587.74,224.97,52.951,129.15,43.619
1209,227.75,203,20.5,50,11.891
1217,203.67,183.52,31.657,77.213,22.917
1218,204.35,203.71,22.321,54.443,22.62
1224,191.29,203.71,22.321,54.443,16.726
1226,167.75,211,20.5,50,27.824
1227,163.75,211,20.5,50,56.215
1231,156.46,212.43,22.321,54.443,33.548
1237,143.4,212.43,22.321,54.443,18.102
1238,142.45,208.37,24.397,59.504,59.407
1239,140.16,206.62,26.654,65.011,16.787
1240,139.05,216.78,22.321,54.443,37.483
1241,129.47,195.86,31.657,77.213,32.491
1242,129.47,202.02,31.657,77.213,31.175
1242,117.1,195.86,31.657,77.213,3.1794
1243,129.91,202.25,29.012,70.761,14.394
1244,123.29,195.86,31.657,77.213,19.984
1245,120.84,193.68,34.526,84.211,22.182
1246,123.29,195.86,31.657,77.213,55.864
1247,114.11,186.95,34.526,84.211,73.443
1247,129.47,195.86,31.657,77.213,59
1248,117.1,202.02,31.657,77.213,75.177
1248,129.47,195.86,31.657,77.213,34.302
1249,117.1,195.86,31.657,77.213,8.4746
1250,137.7,217.9,24.397,59.504,18.536
1251,117.1,195.86,31.657,77.213,38.95
1251,129.47,195.86,31.657,77.213,6.6146
1252,127.58,193.68,34.526,84.211,44.935
1252,101.94,188.34,37.486,91.429,28.047
1253,120.84,193.68,34.526,84.211,54.409
1253,611.33,264.49,29.012,70.761,51.699
1253,101.59,213.57,29.012,70.761,46.818
1253,80,188.34,37.486,91.429,8.5653
1254,120.84,193.68,34.526,84.211,55.225
1254,613.66,268.99,26.654,65.011,38.008
1254,98.551,208.19,31.657,77.213,25.193
1255,123.29,202.02,31.657,77.213,73.914
1255,619.75,271,20.5,50,7.0794
1256,120.84,200.42,34.526,84.211,58.586
1257,116.57,195.66,37.486,91.429,110.24
1258,114.11,207.16,34.526,84.211,83.053
1258,80.421,207.16,34.526,84.211,27.561
1258,94.629,195.66,37.486,91.429,21.021
1259,111.5,190,41,100,67.85
1259,80,214.36,31.657,77.213,41.594
1260,109.26,195.66,37.486,91.429,69.093
1260,65.371,202.97,37.486,91.429,10.937
1261,104.73,214.36,31.657,77.213,83.139
1261,114.11,200.42,34.526,84.211,37.67
1261,67.633,214.36,31.657,77.213,32.886
1262,95.89,190.36,44.897,109.5,59.129
1263,98.551,220.53,31.657,77.213,65.133
1263,55.5,206,41,100,19.291
1264,87.123,190.36,44.897,109.5,59.495
1264,53.474,213.89,34.526,84.211,19.853
1265,92.367,214.36,31.657,77.213,70.972
1265,47.5,206,41,100,21.694
1266,86.184,214.36,31.657,77.213,77.139
1267,79.5,198,41,100,76.713
1267,112.93,195,22.321,54.443,29.169
1267,34.521,207.86,44.897,109.5,11.469
1268,80,220.53,31.657,77.213,79.327
1268,87.158,200.42,34.526,84.211,30.407
1269,69.589,199.11,44.897,109.5,58.852
1269,16.986,207.86,44.897,109.5,33.575
1269,109.14,194.08,24.397,59.504,13.686
1270,61.29,183.6,52.951,129.15,49.445
1270,15.5,214,41,100,47.231
1271,58.057,210.29,37.486,91.429,32.513
1271,8.8889,206.22,48.593,118.52,9.4836
1272,50.968,183.6,52.951,129.15,59.209
1273,46.815,196.74,48.593,118.52,46.065
1274,37.333,196.74,48.593,118.52,31.215
1275,-0.84211,158.32,69.053,168.42,28.864
1276,11.538,181.98,63.145,154.01,28.636
1278,7.5,238,41,100,29.085
1278,94.87,194.08,24.397,59.504,6.7568
1286,466.92,58.602,63.145,154.01,1.6086
1302,275.75,199,20.5,50,5.1753
1305,274.01,199.35,22.321,54.443,0.035607
1306,275.75,203,20.5,50,19.479
1317,343.75,219,20.5,50,27.12
1324,356.73,216.78,22.321,54.443,11.068
1325,359.75,219,20.5,50,28.786
1327,459.75,235,20.5,50,14.914
1332,463.75,251,20.5,50,8.3255
1333,470.78,246.47,24.397,59.504,31.591
1334,474.29,251.64,22.321,54.443,31.793
1334,487.35,247.29,22.321,54.443,8.3626
1336,485.06,256,24.397,59.504,34.529
1337,487.35,260.36,22.321,54.443,26.814
1337,389.92,227.41,26.654,65.011,11.203
1338,493.98,253.4,26.654,65.011,17.609
1339,394.65,232.19,24.397,59.504,41.433
1339,595.62,251.62,44.897,109.5,19.832
1340,595.62,251.62,44.897,109.5,15.572
1342,513.47,264.71,22.321,54.443,6.5267
1345,410.73,227.41,26.654,65.011,24.027
1347,413.1,224.88,29.012,70.761,32.435
1349,613.66,274.19,26.654,65.011,11.094
1351,424.42,224.88,29.012,70.761,27.153
1352,599.5,254,41,100,71.358
1356,447.08,224.88,29.012,70.761,21.533
1357,452.74,224.88,29.012,70.761,28.911
1359,463.38,220.53,31.657,77.213,27.794
1363,334.97,212.43,22.321,54.443,12.917
1368,503.5,238,41,100,24.261
1370,617.96,273.43,22.321,54.443,16.733
1370,359.75,223,20.5,50,16.205
1374,556.14,251.37,31.657,77.213,16.274
1379,583.16,233.49,57.601,140.49,61.8
1380,587.74,235.31,52.951,129.15,47.588
1381,595.62,251.62,44.897,109.5,48.459
1391,437.47,213.89,34.526,84.211,33.065
1392,422.04,221.14,22.321,54.443,28.797
1393,427.75,219,20.5,50,34.385
1394,430.75,221.14,22.321,54.443,26.628
1396,439.46,221.14,22.321,54.443,49.461
1397,441.42,213.57,29.012,70.761,31.632
1398,439.46,221.14,22.321,54.443,53.034
1399,448.16,221.14,22.321,54.443,57.297
1399,483.75,199,20.5,50,14.102
1399,461.26,217.9,24.397,59.504,2.5173
1400,451.75,217.9,24.397,59.504,35.218
1400,464.07,213.57,29.012,70.761,12.755
1401,456.87,221.14,22.321,54.443,35.872
1401,469.73,213.57,29.012,70.761,12.824
1403,466.02,222.66,24.397,59.504,35.571
1404,467.97,222.21,26.654,65.011,40.321
1405,47.75,259,20.5,50,35.686
1407,30.894,248.2,26.654,65.011,6.7794
1407,475.4,219.23,29.012,70.761,6.5839
1408,23.75,263,20.5,50,14.58
1409,481.93,220.53,31.657,77.213,17.077
1410,481.93,220.53,31.657,77.213,29.766
1410,527.88,198.85,24.397,59.504,1.6471
1412,484.63,220.63,34.526,84.211,27.257
1414,605.89,160,34.526,84.211,24.492
1420,227.75,227,20.5,50,27.264
1421,511.58,220.63,34.526,84.211,16.755
1422,518.32,220.63,34.526,84.211,41.083
1422,4.461,241.71,24.397,59.504,22.205
1423,518.32,220.63,34.526,84.211,52.246
1424,518.32,220.63,34.526,84.211,100.03
1425,518.32,220.63,34.526,84.211,69.557
1426,525.05,220.63,34.526,84.211,57.806
1427,525.05,220.63,34.526,84.211,49.851
1428,526.17,217.6,37.486,91.429,56.31
1429,531.79,220.63,34.526,84.211,35.678
1430,533.49,224.91,37.486,91.429,24.82
1431,537.58,226.7,31.657,77.213,37.723
1432,537.58,226.7,31.657,77.213,34.096
1433,537.58,226.7,31.657,77.213,25.23
1434,540.8,224.91,37.486,91.429,52.555
1435,543.77,226.7,31.657,77.213,36.593
1436,549.03,230.54,29.012,70.761,36.341
1436,587.74,183.6,52.951,129.15,2.4658
1437,552.43,117.15,88.784,216.55,27.622
1438,577.69,169.64,63.145,154.01,63.011
1439,131.75,159,20.5,50,8.2976
1439,587.26,215.7,48.593,118.52,6.0259
1440,611.33,196.6,29.012,70.761,25.726
1441,599.5,222,41,100,23.943
1441,611.33,196.6,29.012,70.761,10.784
1442,558.81,215.7,48.593,118.52,15.557
1443,568.5,232.87,31.657,77.213,5.7591
1444,567.5,230,41,100,49.001
1445,552.43,99.797,88.784,216.55,25.147
1446,569.32,225.37,44.897,109.5,21.298
1447,595.62,172.85,44.897,109.5,13.576
1448,565.05,171.79,69.053,168.42,9.4985
1450,587.74,152.57,52.951,129.15,40.723
1451,578.08,225.37,44.897,109.5,5.1025
1452,56.327,151.42,22.321,54.443,27.6
1453,619.75,131,20.5,50,7.8096
1454,587.74,224.97,52.951,129.15,44.061
1454,587.74,152.57,52.951,129.15,19.281
1454,617.96,125.28,22.321,54.443,2.3439
1455,587.74,224.97,52.951,129.15,36.975
1456,583.16,222.24,57.601,140.49,50.179
1456,-0.45714,210.29,37.486,91.429,10.52
1457,587.74,224.97,52.951,129.15,58.256
1458,583.16,222.24,57.601,140.49,33.876
1459,605.89,240.84,34.526,84.211,36.973
1467,114.11,294.74,34.526,84.211,1.0406
1469,577.69,169.64,63.145,154.01,11.485
1479,552.43,134.51,88.784,216.55,22.188
1480,613.66,274.19,26.654,65.011,9.2355
1481,559,140,82,200,46.988
1483,559,124,82,200,49.4
1484,565.47,207.16,34.526,84.211,43.445
1487,558.16,142.63,75.213,183.45,37.446
1487,355.75,203,20.5,50,25.77
1487,403.75,219,20.5,50,20.688
1488,403.75,219,20.5,50,5.9066
1489,559,140,82,200,55.049
1492,399.75,219,20.5,50,66.004
1492,577.69,194.31,63.145,154.01,20.52
1493,395.75,223,20.5,50,34.97
1493,595.62,199.11,44.897,109.5,17.328
1494,395.75,219,20.5,50,37.086
1494,559,140,82,200,29.827
1496,395.75,219,20.5,50,40.827
1499,395.75,223,20.5,50,27.361
1499,485.06,246.47,24.397,59.504,17.647
1500,391.75,223,20.5,50,39.762
1503,391.75,223,20.5,50,26.812
1503,489.81,246.47,24.397,59.504,1.3943
1506,391.56,221.14,22.321,54.443,53.318
1506,605.89,281.26,34.526,84.211,23.745
1510,574.69,134.17,31.657,77.213,15.208
1511,394.65,222.66,24.397,59.504,47.293
1512,394.65,222.66,24.397,59.504,65.305
1512,500.48,251.37,31.657,77.213,26.449
1512,605.89,267.79,34.526,84.211,7.4349
1513,395.92,225.5,22.321,54.443,60.668
1514,395.92,225.5,22.321,54.443,40.888
1515,394.65,222.66,24.397,59.504,30.613
1516,315.75,207,20.5,50,20.678
1517,86.184,195.86,31.657,77.213,6.9511
1518,395.12,227.41,26.654,65.011,19.982
1519,395.36,214.36,31.657,77.213,17.154
1519,611.33,281.46,29.012,70.761,15.112
1521,400.33,222.21,26.654,65.011,14.66
1522,400.33,222.21,26.654,65.011,47.14
1522,605.89,267.79,34.526,84.211,14.334
1523,401.55,220.53,31.657,77.213,31.064
1523,599.5,270,41,100,7.6012
1524,401.55,220.53,31.657,77.213,29.317
1525,401.55,220.53,31.657,77.213,56.052
1526,401.55,220.53,31.657,77.213,33.37
1527,403.79,213.89,34.526,84.211,67.953
1527,575.46,270.29,24.397,59.504,26.253
1528,407.43,224.88,29.012,70.761,52.164
1528,551.75,267,20.5,50,5.2969
1529,403.79,220.63,34.526,84.211,90.354
1529,585.68,261.05,34.526,84.211,14.317
1530,407.73,220.53,31.657,77.213,92.961
1530,619.75,267,20.5,50,20.857
1531,407.73,220.53,31.657,77.213,107.72
1531,605.89,261.05,34.526,84.211,38.955
1531,567.75,267,20.5,50,19.284
1532,407.73,226.7,31.657,77.213,87.129
1532,605.89,267.79,34.526,84.211,31.066
1533,410.53,227.37,34.526,84.211,86.339
1533,579.75,271,20.5,50,26.741
1534,413.91,226.7,31.657,77.213,65.963
1535,410.53,227.37,34.526,84.211,112.8
1535,619.75,295,20.5,50,27.503
1535,574.69,276.05,31.657,77.213,25.657
1536,409.14,224.91,37.486,91.429,76.871
1536,605.89,274.53,34.526,84.211,16.229
1537,410.53,227.37,34.526,84.211,44.786
1538,416.46,224.91,37.486,91.429,58.373
1538,592,283.43,37.486,91.429,17.165
1539,416.46,224.91,37.486,91.429,47.228
1539,599.5,286,41,100,41.755
1540,416.46,224.91,37.486,91.429,32.642
1541,423.77,232.23,37.486,91.429,53.247
1541,611.33,287.12,29.012,70.761,47.419
1543,423.77,232.23,37.486,91.429,41.195
1544,429.04,225.37,44.897,109.5,54.965
1544,591.5,278,41,100,9.5513
1545,429.04,225.37,44.897,109.5,81.002
1545,599.5,286,41,100,53.944
1546,429.04,225.37,44.897,109.5,70.142
1546,611.33,326.72,29.012,70.761,22.992
1547,435.56,225.19,48.593,118.52,67.443
1547,611.33,315.4,29.012,70.761,4.8965
1548,435.56,225.19,48.593,118.52,82.867
1549,435.56,225.19,48.593,118.52,65.213
1549,291.75,203,20.5,50,49.254
1550,435.56,225.19,48.593,118.52,91.065
1551,446.58,234.12,44.897,109.5,72.6
1552,443.23,224.97,52.951,129.15,95.745
1553,448.42,222.24,57.601,140.49,83.174
1554,453.55,235.31,52.951,129.15,80.848
1554,583.16,301.01,57.601,140.49,35.025
1555,454.62,218.99,63.145,154.01,71.865
1555,110.92,47.807,31.657,77.213,18.887
1556,459.65,233.49,57.601,140.49,76.246
1557,466.92,231.33,63.145,154.01,89.878
1557,595.62,304.14,44.897,109.5,25.739
1558,466.92,231.33,63.145,154.01,87.259
1558,583.16,267.25,57.601,140.49,15.802
1559,479.23,231.33,63.145,154.01,96.218
1559,595.62,312.89,44.897,109.5,28.609
1560,491.54,243.66,63.145,154.01,79.594
1560,595.62,295.38,44.897,109.5,18.713
1561,499.31,230.4,75.213,183.45,86.209
1562,499.31,230.4,75.213,183.45,46.443
1562,282.72,203.71,22.321,54.443,5.9417
1563,511,236,82,200,68.53
1564,517.84,238.64,88.784,216.55,54.595
1564,619.75,363,20.5,50,0.80953
1565,533.73,241.78,97.583,238.01,92.964
1566,552.43,238.64,88.784,216.55,120.08
1567,552.43,256,88.784,216.55,66.56
1568,87.314,27.429,37.486,91.429,13.038
1570,283.75,211,20.5,50,2.9799
1573,283.75,211,20.5,50,11.396
1575,605.89,288,34.526,84.211,35.761
1576,556.14,269.88,31.657,77.213,15.944
1578,568.5,276.05,31.657,77.213,36.448
1583,522.18,295.22,22.321,54.443,18.169
1584,599.5,278,41,100,8.579
1584,527.88,294.1,24.397,59.504,4.1979
1586,531.4,282.22,31.657,77.213,1.9484
1587,595.62,277.88,44.897,109.5,21.25
1587,537.7,292.77,29.012,70.761,3.9453
1589,554.69,304.09,29.012,70.761,28.054
1590,560.35,304.09,29.012,70.761,27.543
1591,571.68,309.75,29.012,70.761,25.449
1592,583.01,315.4,29.012,70.761,9.3138
1593,605.89,294.74,34.526,84.211,41.188
1593,575.5,294,41,100,27.705
1594,577.69,256,63.145,154.01,42.134
1594,267.75,211,20.5,50,9.8394
1595,605.89,321.68,34.526,84.211,54.96
1596,599.5,302,41,100,48.181
1597,599.5,302,41,100,7.2366
1601,394.65,203.61,24.397,59.504,6.8499
1606,595.62,286.63,44.897,109.5,16.47
1610,249.43,196.22,26.654,65.011,16.532
1611,395.12,206.62,26.654,65.011,18.207
1613,246.96,189.69,31.657,77.213,36.184
1614,246.96,189.69,31.657,77.213,20.631
1616,617.96,338.79,22.321,54.443,2.6982
1619,545.26,274.53,34.526,84.211,13.151
1619,595.62,277.88,44.897,109.5,12.139
1619,11.538,268.34,63.145,154.01,11.16
1619,401.55,195.86,31.657,77.213,9.0603
1620,518.36,294.1,24.397,59.504,26.507
1620,551.22,274.19,26.654,65.011,16.781
1621,240.77,189.69,31.657,77.213,40.347
1621,562.32,276.05,31.657,77.213,25.446
1621,523.12,294.1,24.397,59.504,8.8097
1622,570.71,279.81,24.397,59.504,12.494
1622,525.2,294.98,26.654,65.011,8.2468
1624,574.69,276.05,31.657,77.213,26.295
1625,599.5,270,41,100,43.154
1625,577.37,276.11,37.486,91.429,27.942
1625,551.22,310.58,26.654,65.011,10.356
1626,599.5,278,41,100,39.683
1627,599.5,286,41,100,10.578
1628,595.62,295.38,44.897,109.5,21.59
1628,580.87,319.23,31.657,77.213,14.463
1628,239.75,227,20.5,50,13.305
1629,235.75,223,20.5,50,43.289
1629,595.62,295.38,44.897,109.5,38.797
1630,235.75,227,20.5,50,28.948
1631,611.33,338.03,29.012,70.761,29.158
1631,239.18,221.14,22.321,54.443,26.066
1632,234.83,221.14,22.321,54.443,34.929
1632,413.91,202.02,31.657,77.213,8.3577
1633,235.75,223,20.5,50,61.853
1635,231.75,223,20.5,50,81.357
1636,231.75,227,20.5,50,48.689
1636,418.76,207.91,29.012,70.761,11.434
1637,418.76,190.94,29.012,70.761,21.634
1638,231.75,223,20.5,50,73.931
1638,422.04,190.64,22.321,54.443,50.637
1639,231.75,219,20.5,50,54.816
1640,231.75,223,20.5,50,41.621
1641,227.75,223,20.5,50,82.543
1642,223.75,223,20.5,50,57.321
1643,223.75,223,20.5,50,87.556
1643,143.4,225.5,22.321,54.443,8.9481
1644,223.75,227,20.5,50,100.59
1644,423.5,190,41,100,15.548
1645,221.77,221.14,22.321,54.443,78.604
1645,137.7,217.9,24.397,59.504,18.049
1645,423.5,190,41,100,9.6444
1646,217.41,221.14,22.321,54.443,59.434
1647,219.75,223,20.5,50,94.956
1648,219.75,227,20.5,50,92.142
1648,439.46,195,22.321,54.443,0.5364
1649,213.83,222.66,24.397,59.504,88.163
1649,438.65,214.36,31.657,77.213,6.9509
1650,213.06,221.14,22.321,54.443,102.82
1651,213.06,221.14,22.321,54.443,74.8
1652,209.07,217.9,24.397,59.504,88.899
1652,123.42,217.9,24.397,59.504,10.795
1652,599.5,126,41,100,7.8979
1653,208.71,221.14,22.321,54.443,90.729
1654,203.67,208.19,31.657,77.213,97.357
1654,452.52,195,22.321,54.443,3.3745
1655,204.31,217.9,24.397,59.504,89.16
1656,204.35,221.14,22.321,54.443,98.58
1657,204.31,217.9,24.397,59.504,80.396
1658,197.4,217.02,26.654,65.011,74.63
1659,194.95,200.42,34.526,84.211,72.473
1660,188.21,207.16,34.526,84.211,56.266
1661,194.8,222.66,24.397,59.504,58.505
1661,464.07,179.62,29.012,70.761,12.457
1662,188.21,207.16,34.526,84.211,90.114
1663,190.04,222.66,24.397,59.504,106.71
1664,185.12,214.36,31.657,77.213,90.543
1664,86.184,208.19,31.657,77.213,8.3602
1664,552.43,99.797,88.784,216.55,6.9615
1665,178.94,214.36,31.657,77.213,114.73
1665,86.184,214.36,31.657,77.213,48.37
1665,559,76,82,200,9.6711
1666,178.94,214.36,31.657,77.213,98.851
1666,80.421,207.16,34.526,84.211,38.268
1666,559,92,82,200,15.108
1667,172.75,214.36,31.657,77.213,73.905
1667,80,214.36,31.657,77.213,51.572
1667,587.74,111.19,52.951,129.15,19.21
1667,481.93,177.35,31.657,77.213,7.57
1668,171.38,227.41,26.654,65.011,66.063
1668,78.938,219.23,29.012,70.761,33.303
1668,475.29,18.732,128.34,313.03,18.45
1669,171.38,227.41,26.654,65.011,118.21
1669,73.816,214.36,31.657,77.213,51.743
1669,492.73,-7.3143,149.47,364.57,5.8339
1670,169.56,224.88,29.012,70.761,112.27
1670,66.947,213.89,34.526,84.211,66.815
1671,163.89,224.88,29.012,70.761,81.416
1671,66.947,213.89,34.526,84.211,48.67
1671,552.43,65.085,88.784,216.55,9.2588
1672,160.39,226.7,31.657,77.213,78.931
1672,66.947,213.89,34.526,84.211,28.867
1672,492.73,-7.3143,149.47,364.57,5.7204
1673,160.39,226.7,31.657,77.213,74.825
1673,492.73,-7.3143,149.47,364.57,4.5662
1674,160.39,226.7,31.657,77.213,109.9
1674,492.73,-7.3143,149.47,364.57,28.752
1675,154.2,226.7,31.657,77.213,126.93
1675,492.73,-7.3143,149.47,364.57,36.301
1675,58.057,217.6,37.486,91.429,32.458
1676,154.2,226.7,31.657,77.213,111.33
1676,492.73,-7.3143,149.47,364.57,44.257
1676,271.75,207,20.5,50,28.784
1677,147.79,227.37,34.526,84.211,123.74
1677,463.64,-7.3143,149.47,364.57,25.781
1678,147.79,227.37,34.526,84.211,111.81
1678,543.95,242.93,22.321,54.443,20.13
1679,147.79,227.37,34.526,84.211,118.17
1679,492.73,-7.3143,149.47,364.57,82.936
1680,138.51,217.6,37.486,91.429,64.842
1680,39.5,214,41,100,28.41
1680,488.51,-6.7368,138.93,338.85,22.674
1681,138.51,217.6,37.486,91.429,79.842
1681,36.114,210.29,37.486,91.429,33.556
1681,260.95,203.71,22.321,54.443,23.715
1682,492.73,-7.3143,149.47,364.57,72.043
1682,141.05,227.37,34.526,84.211,61.357
1682,275.75,203,20.5,50,23.235
1683,141.05,227.37,34.526,84.211,56.303
1683,492.73,-7.3143,149.47,364.57,46.365
1683,33.263,213.89,34.526,84.211,40.655
1684,134.32,227.37,34.526,84.211,80.247
1684,28.8,210.29,37.486,91.429,52.569
1684,492.73,-7.3143,149.47,364.57,48.437
1684,467.97,263.8,26.654,65.011,27.914
1685,131.2,224.91,37.486,91.429,83.702
1685,28.8,210.29,37.486,91.429,62.039
1685,595.62,164.1,44.897,109.5,42.721
1685,475.4,264.49,29.012,70.761,21.348
1685,577.69,206.65,63.145,154.01,16.714
1686,131.2,224.91,37.486,91.429,77.82
1686,23.5,206,41,100,72.778
1687,28.8,210.29,37.486,91.429,75.181
1687,122.19,216.62,44.897,109.5,56.014
1688,28.8,217.6,37.486,91.429,62.651
1688,122.19,216.62,44.897,109.5,39.474
1689,122.19,216.62,44.897,109.5,67.556
1689,23.5,214,41,100,46.619
1690,16.986,207.86,44.897,109.5,41.861
1690,113.19,215.7,48.593,118.52,32.127
1690,291.75,211,20.5,50,5.8189
1691,113.19,215.7,48.593,118.52,71.627
1691,23.5,214,41,100,66.584
1691,492.73,-7.3143,149.47,364.57,20.338
1692,16.986,207.86,44.897,109.5,84.034
1692,111.58,199.74,57.601,140.49,25.725
1692,478,-8,164,400,21.135
1693,15.5,214,41,100,110.08
1693,103.7,225.19,48.593,118.52,56.024
1693,300.14,208.07,22.321,54.443,10.51
1694,15.5,214,41,100,84.164
1694,104.66,234.12,44.897,109.5,12.163
1695,15.5,214,41,100,58.067
1695,87.356,171.89,75.213,183.45,32.987
1696,8.2192,207.86,44.897,109.5,63.396
1696,87.356,171.89,75.213,183.45,36.464
1697,8.8889,206.22,48.593,118.52,66.348
1697,85.385,206.65,63.145,154.01,51.715
1698,8.2192,216.62,44.897,109.5,65.237
1698,89.123,222.24,57.601,140.49,50.333
1699,7.5,222,41,100,86.417
1699,80,198.74,69.053,168.42,42.302
1700,7.5,222,41,100,95.686
1700,77.895,222.24,57.601,140.49,63.833
1700,595.62,286.63,44.897,109.5,28.116
1701,-0.64516,204.28,52.951,129.15,91.623
1701,73.077,218.99,63.145,154.01,76.164
1701,524.29,-5.6889,116.91,285.14,13.85
1702,-0.54795,216.62,44.897,109.5,96.182
1702,66.526,212.21,69.053,168.42,77.018
1703,-0.64516,204.28,52.951,129.15,81.503
1703,47,204,82,200,68.529
1704,-0.54795,216.62,44.897,109.5,75.657
1704,47,204,82,200,68.398
1704,611.33,72.133,29.012,70.761,23.486
1705,43.218,215.77,75.213,183.45,60.701
1705,-0.59259,215.7,48.593,118.52,32.227
1705,605.6,29.301,31.657,77.213,24.855
1706,28.506,230.4,75.213,183.45,74.943
1706,605.89,25.263,34.526,84.211,39.131
1706,-0.70175,199.74,57.601,140.49,23.558
1707,15,220,82,200,73.174
1708,-1.194,203.85,97.583,238.01,78.79
1709,-1.0811,221.29,88.784,216.55,81.239
1745,583.16,267.25,57.601,140.49,31.488
1746,580.87,276.05,31.657,77.213,28.058
1747,593.24,282.22,31.657,77.213,21.498
1749,613.61,282.14,22.321,54.443,12.25
1751,423.5,-2,41,100,24.393
1757,457.68,-1.6842,34.526,84.211,38.515
1757,50.743,224.91,37.486,91.429,12.19
1759,463.38,-1.5422,31.657,77.213,39.258
1760,47.5,222,41,100,11.882
1761,379.75,219,20.5,50,36.478
1764,448.42,-2.8132,57.601,140.49,16.097
1765,10.526,199.74,57.601,140.49,23.178
1768,227.75,207,20.5,50,14.024
1775,605.89,281.26,34.526,84.211,27.582
1783,-0.54795,-2.188,44.897,109.5,13.537
1791,200,203.71,22.321,54.443,17.807
1792,203.75,207,20.5,50,17.954
1797,191.29,212.43,22.321,54.443,21.234
1798,190.04,208.37,24.397,59.504,7.6533
1800,595.62,172.85,44.897,109.5,1.3365
1801,599.5,174,41,100,13.237
1802,401.83,217.6,37.486,91.429,30.855
1802,611.33,207.91,29.012,70.761,14.209
1803,409.14,217.6,37.486,91.429,43.891
1804,416.46,224.91,37.486,91.429,16.751
1805,417.26,234.11,34.526,84.211,55.776
1806,423.75,235,20.5,50,5.8781
1807,416.46,232.23,37.486,91.429,28.083
1808,423.5,230,41,100,27.125
1809,423.5,230,41,100,37.72
1810,416.59,225.19,48.593,118.52,37.245
1812,445.71,246.86,37.486,91.429,33.736
1813,438.4,246.86,37.486,91.429,43.292
1814,445.71,246.86,37.486,91.429,65.726
1815,446.58,234.12,44.897,109.5,63.553
1816,455.34,234.12,44.897,109.5,51.012
1817,454.52,234.67,48.593,118.52,68.185
1818,464.11,242.87,44.897,109.5,47.178
1819,463.87,224.97,52.951,129.15,37.038
1820,473.48,234.67,48.593,118.52,27.65
1821,484.52,235.31,52.951,129.15,23.147
1822,484.52,245.66,52.951,129.15,37.111
1824,505.16,235.31,52.951,129.15,32.665
1826,516.15,243.66,63.145,154.01,18.03
1827,531.79,240.84,34.526,84.211,41.795
1828,543.01,234.12,44.897,109.5,22.189
1829,549.33,234.67,48.593,118.52,20.167
1830,562.74,246.86,37.486,91.429,44.188
1831,575.5,246,41,100,46.04
1832,578.08,242.87,44.897,109.5,60.049
1833,599.5,254,41,100,54.964
1845,599.42,-1.5422,31.657,77.213,1.8634
1849,599.5,246,41,100,9.9656
1853,605.89,267.79,34.526,84.211,10.372
1853,200,225.5,22.321,54.443,-0.34752
1855,619.75,267,20.5,50,36.317
1856,617.96,-1.0894,22.321,54.443,18.319
1866,577.69,120.29,63.145,154.01,22.751
1867,577.69,120.29,63.145,154.01,19.151
1873,430.75,-1.0894,22.321,54.443,16.17
1874,435.1,-1.0894,22.321,54.443,12.053
1887,117.1,202.02,31.657,77.213,16.044
1892,613.66,263.8,26.654,65.011,10.727
1895,613.66,284.59,26.654,65.011,5.1021
1900,53.474,274.53,34.526,84.211,7.0187
1907,31.5,246,41,100,10.624
1909,15.5,254,41,100,18.568
1916,90.112,279.81,24.397,59.504,6.7303
1919,73.816,282.22,31.657,77.213,27.722
1921,61.449,288.39,31.657,77.213,32.173
1923,617.96,195,22.321,54.443,37.104
1923,53.474,288,34.526,84.211,20.016
1928,480.3,-1.1907,24.397,59.504,19.957
1930,552.43,134.51,88.784,216.55,5.4574
1932,587.74,100.85,52.951,129.15,28.889
1933,595.62,111.59,44.897,109.5,31.355
1946,415.5,-2,41,100,41.523
1951,415.93,-1.2995,26.654,65.011,38.713
1970,463.75,247,20.5,50,3.6753
1983,585.68,247.58,34.526,84.211,10.634
1984,619.75,287,20.5,50,26.628
1985,605.89,254.32,34.526,84.211,26.742
1991,479.75,251,20.5,50,24.134
1994,487.35,251.64,22.321,54.443,8.8034
2015,552.43,134.51,88.784,216.55,5.7231
2016,611.33,287.12,29.012,70.761,4.8418
2047,19.789,240.84,34.526,84.211,9.5762
2048,13.053,240.84,34.526,84.211,7.7066
2051,4.878,274.19,26.654,65.011,11.229
2065,599.5,302,41,100,0.49268
2067,319.75,223,20.5,50,7.2905
2072,321.9,221.14,22.321,54.443,9.6028
2077,595.62,277.88,44.897,109.5,12.306
2084,493.98,-1.2995,26.654,65.011,23.739
2084,481.06,-1.4144,29.012,70.761,3.5882
2085,481.06,-1.4144,29.012,70.761,9.9151
2090,551.75,307,20.5,50,20.496
2092,419.75,227,20.5,50,9.4157
2093,423.75,235,20.5,50,43.927
2094,427.75,235,20.5,50,24.602
2095,589.74,322.68,24.397,59.504,14.213
2097,435.75,239,20.5,50,69.169
2097,605.89,314.95,34.526,84.211,17.219
2098,617.96,334.43,22.321,54.443,52.718
2098,435.75,239,20.5,50,31.557
2100,439.46,234.21,22.321,54.443,23.824
2102,447.75,239,20.5,50,40.274
2102,595.62,277.88,44.897,109.5,24.002
2103,448.16,234.21,22.321,54.443,7.3476
2104,595.62,277.88,44.897,109.5,11.98
2105,98.824,-6.2439,128.34,313.03,27.304
2105,459.75,243,20.5,50,13.476
2105,599.5,278,41,100,4.142
2108,467.75,243,20.5,50,24.627
2108,-0.59259,253.63,48.593,118.52,17.928
2109,467.75,243,20.5,50,41.369
2112,129.47,232.87,31.657,77.213,7.3644
2113,479.75,247,20.5,50,7.8766
2115,484.63,220.63,34.526,84.211,23.375
2118,491.37,220.63,34.526,84.211,7.56
2119,515.75,255,20.5,50,10.354
2124,509.59,248.2,26.654,65.011,4.0299
2127,-0.45714,268.8,37.486,91.429,5.9588
2132,75.259,234.67,48.593,118.52,3.5847
2136,559,172,82,200,29.846
2137,559,172,82,200,21.861
2139,559,172,82,200,27.804
2140,559,172,82,200,27.132
2141,577.69,231.33,63.145,154.01,34.056
2142,599.5,286,41,100,41.2
2142,482.29,283.43,37.486,91.429,16.85
2143,605.89,288,34.526,84.211,65.475
2146,525.22,269.88,31.657,77.213,27.676
2146,27.273,-7.3143,149.47,364.57,8.8715
2148,531.4,263.71,31.657,77.213,38.447
2149,537.58,257.54,31.657,77.213,13.105
2152,525.48,242.87,44.897,109.5,10.7
2154,595.62,251.62,44.897,109.5,32.176
2155,565.47,274.53,34.526,84.211,32.817
2155,587.74,256,52.951,129.15,22.754
2156,599.5,278,41,100,26.529
2156,570.06,283.43,37.486,91.429,21.101
2156,527.02,256,57.601,140.49,8.9667
2157,577.69,268.34,63.145,154.01,25.617
2158,583.16,278.51,57.601,140.49,27.747
2158,8.8889,272.59,48.593,118.52,23.938
2159,613.66,336.57,26.654,65.011,47.659
2160,474.97,254.17,37.486,91.429,3.0866
2161,559,268,82,200,15.907
2161,479.75,235,20.5,50,6.5441
2164,451.75,-1.1907,24.397,59.504,10.477
2165,490.41,251.62,44.897,109.5,2.2318
2166,605.89,368.84,34.526,84.211,31.373
2167,599.5,358,41,100,19.27
2177,605.89,146.53,34.526,84.211,13.328
2186,391.75,-1,20.5,50,8.7617
2186,583.16,154.73,57.601,140.49,0.9145
2192,613.66,180.63,26.654,65.011,2.6894
2196,482.29,232.23,37.486,91.429,8.6859
2197,482.29,232.23,37.486,91.429,44.877
2198,484.63,234.11,34.526,84.211,20.924
2199,493.98,237.81,26.654,65.011,26.037
2204,511.5,246,41,100,24.959
2207,525.05,247.58,34.526,84.211,29.084
2208,533.49,246.86,37.486,91.429,35.237
2209,534.25,242.87,44.897,109.5,33.201
2210,549.33,244.15,48.593,118.52,32.11
2211,558.81,244.15,48.593,118.52,64.707
2212,559.5,246,41,100,39.881
2213,577.42,245.66,52.951,129.15,46.967
2214,587.74,245.66,52.951,129.15,58.092
2215,583.16,244.75,57.601,140.49,31.501
2223,605.89,-1.6842,34.526,84.211,43.457
2226,617.96,94.774,22.321,54.443,21.614
